305.0 10290.0 10.0 18012.0
326.0 9903.0 14.0 18846.0
696.0 11506.0 9.0 19253.0
748.0 13319.0 12.0 18739.0
313.0 15033.0 9.0 17211.0
306.0 15377.0 26.0 17602.0
216.0 14846.0 4.0 17964.0
496.0 13942.0 3.0 18619.0
41.0 14477.0 26.0 18905.0
274.0 15318.0 8.0 19082.0
30.0 16801.0 17.0 19445.0
297.0 15205.0 16.0 19672.0
691.0 14937.0 7.0 20219.0
718.0 15333.0 9.0 21663.0
89.0 14378.0 21.0 24040.0
648.0 14316.0 28.0 24122.0
495.0 15032.0 17.0 23744.0
863.0 15175.0 3.0 23037.0
102.0 14176.0 27.0 20689.0
502.0 13042.0 22.0 20634.0
161.0 12736.0 25.0 21738.0
571.0 12228.0 14.0 22393.0
171.0 11779.0 24.0 23384.0
294.0 13106.0 25.0 24384.0
191.0 11534.0 7.0 25926.0
754.0 11279.0 23.0 25852.0
634.0 10474.0 13.0 26730.0
899.0 10186.0 0.0 27296.0
943.0 9963.0 24.0 27299.0
659.0 9923.0 2.0 28025.0
427.0 9974.0 2.0 28612.0
633.0 9647.0 23.0 29723.0
477.0 10824.0 26.0 29209.0
62.0 11800.0 20.0 29317.0
931.0 12613.0 10.0 29836.0
675.0 12931.0 13.0 29907.0
532.0 13131.0 0.0 29827.0
572.0 12472.0 1.0 29235.0
621.0 12340.0 10.0 29019.0
130.0 11746.0 18.0 28602.0
585.0 10923.0 14.0 28567.0
608.0 10940.0 9.0 27910.0
757.0 10717.0 8.0 27672.0
760.0 9613.0 28.0 27747.0
708.0 6434.0 2.0 26263.0
763.0 4997.0 5.0 25971.0
776.0 4134.0 17.0 26635.0
283.0 796.0 9.0 26664.0
849.0 344.0 27.0 26370.0
590.0 86.0 14.0 26695.0
85.0 91.0 9.0 26421.0
895.0 550.0 13.0 25278.0
403.0 29.0 8.0 23938.0
481.0 612.0 25.0 23537.0
678.0 185.0 18.0 22158.0
232.0 602.0 5.0 21181.0
206.0 296.0 18.0 19886.0
656.0 212.0 0.0 19679.0
174.0 969.0 8.0 20345.0
915.0 1231.0 27.0 22190.0
239.0 1003.0 7.0 23428.0
515.0 1595.0 12.0 22983.0
800.0 1677.0 12.0 22642.0
379.0 2354.0 2.0 21843.0
359.0 4177.0 24.0 20404.0
836.0 4975.0 10.0 19865.0
136.0 5997.0 2.0 18873.0
919.0 7609.0 4.0 18482.0
1.0 9459.0 15.0 17121.0
402.0 10139.0 7.0 16007.0
663.0 11459.0 10.0 16285.0
726.0 11902.0 2.0 16841.0
744.0 14079.0 26.0 16733.0
966.0 18525.0 23.0 19083.0
142.0 20135.0 24.0 18032.0
803.0 19713.0 26.0 16342.0
955.0 19890.0 18.0 15805.0
701.0 19122.0 5.0 15739.0
237.0 17924.0 15.0 16591.0
302.0 17921.0 0.0 16639.0
949.0 16477.0 5.0 18189.0
815.0 16863.0 29.0 19765.0
46.0 16218.0 3.0 20745.0
471.0 17396.0 26.0 20440.0
380.0 21093.0 26.0 18096.0
463.0 21132.0 18.0 15491.0
612.0 21299.0 8.0 13920.0
704.0 22861.0 28.0 14893.0
338.0 23238.0 27.0 14237.0
159.0 24271.0 26.0 14760.0
188.0 24597.0 22.0 15094.0
263.0 25829.0 19.0 15622.0
922.0 25842.0 5.0 15732.0
840.0 25497.0 24.0 17318.0
785.0 24952.0 17.0 18046.0
564.0 24497.0 2.0 17821.0
254.0 24146.0 22.0 18006.0
363.0 24138.0 4.0 19507.0
181.0 23228.0 17.0 19319.0
882.0 23674.0 23.0 15356.0
576.0 25106.0 24.0 13393.0
487.0 25057.0 9.0 10695.0
906.0 25343.0 28.0 9474.0
449.0 26246.0 12.0 8217.0
450.0 26233.0 10.0 8045.0
907.0 21051.0 14.0 10103.0
631.0 20884.0 9.0 10235.0
991.0 20159.0 4.0 10151.0
78.0 15460.0 5.0 7666.0
774.0 15718.0 12.0 7482.0
348.0 15943.0 0.0 6786.0
768.0 14633.0 0.0 6477.0
700.0 14655.0 22.0 6927.0
494.0 14639.0 24.0 7225.0
22.0 14023.0 19.0 7017.0
211.0 13244.0 19.0 7411.0
784.0 13144.0 8.0 8145.0
341.0 12113.0 4.0 8058.0
710.0 11515.0 2.0 7861.0
913.0 11606.0 26.0 7759.0
490.0 11705.0 2.0 7630.0
711.0 14301.0 8.0 8580.0
850.0 14124.0 1.0 8833.0
752.0 12803.0 16.0 10188.0
209.0 14200.0 11.0 11103.0
629.0 14712.0 2.0 11729.0
461.0 14876.0 24.0 9931.0
958.0 14768.0 15.0 9481.0
484.0 14908.0 11.0 8513.0
826.0 13990.0 15.0 6341.0
525.0 12882.0 21.0 6010.0
20.0 11772.0 4.0 6489.0
995.0 9488.0 27.0 7084.0
687.0 8714.0 22.0 7082.0
523.0 6996.0 20.0 6878.0
852.0 4944.0 17.0 5748.0
557.0 2903.0 12.0 3026.0
761.0 2619.0 2.0 2293.0
376.0 2327.0 4.0 459.0
76.0 3816.0 11.0 138.0
178.0 4819.0 11.0 616.0
762.0 5112.0 15.0 1380.0
861.0 6234.0 26.0 4889.0
316.0 5945.0 3.0 4863.0
66.0 5081.0 4.0 4528.0
11.0 4777.0 18.0 4185.0
407.0 3435.0 5.0 3954.0
489.0 2984.0 21.0 3813.0
665.0 2160.0 21.0 2233.0
578.0 1278.0 23.0 1575.0
890.0 913.0 15.0 1297.0
426.0 136.0 4.0 783.0
921.0 186.0 19.0 621.0
917.0 959.0 27.0 230.0
59.0 5671.0 14.0 124.0
844.0 8286.0 19.0 2228.0
552.0 12882.0 22.0 2038.0
798.0 13576.0 27.0 1756.0
870.0 13459.0 6.0 894.0
628.0 14935.0 25.0 1680.0
9.0 14450.0 29.0 3264.0
390.0 15118.0 14.0 3909.0
45.0 15032.0 23.0 3930.0
749.0 14851.0 4.0 4383.0
929.0 14314.0 9.0 4451.0
268.0 13351.0 17.0 3812.0
158.0 13253.0 8.0 3760.0
775.0 12877.0 0.0 4362.0
410.0 12188.0 22.0 4431.0
356.0 12919.0 22.0 5042.0
214.0 14087.0 14.0 5075.0
864.0 13939.0 1.0 4580.0
530.0 14089.0 9.0 2677.0
143.0 13778.0 28.0 2165.0
238.0 13686.0 18.0 2162.0
432.0 12354.0 11.0 3132.0
3.0 10794.0 16.0 2879.0
713.0 10548.0 2.0 2729.0
462.0 9415.0 23.0 3012.0
195.0 9153.0 0.0 3126.0
154.0 8749.0 14.0 3887.0
997.0 4563.0 0.0 4848.0
470.0 3440.0 1.0 5058.0
912.0 3248.0 25.0 4566.0
375.0 2733.0 19.0 4019.0
236.0 2437.0 17.0 3738.0
740.0 2659.0 14.0 3217.0
382.0 2908.0 24.0 2623.0
4.0 3416.0 6.0 1866.0
273.0 6527.0 19.0 1776.0
514.0 7019.0 14.0 1981.0
556.0 6983.0 12.0 2157.0
190.0 7164.0 19.0 2296.0
536.0 8105.0 0.0 2842.0
553.0 8495.0 10.0 3088.0
719.0 8103.0 15.0 3509.0
680.0 7537.0 10.0 3735.0
360.0 7819.0 13.0 4458.0
2.0 8550.0 7.0 7907.0
813.0 8594.0 3.0 8705.0
950.0 8976.0 14.0 10059.0
957.0 8854.0 7.0 10953.0
503.0 9236.0 4.0 11609.0
524.0 9467.0 4.0 11265.0
112.0 12702.0 3.0 12249.0
508.0 13452.0 3.0 12659.0
439.0 13647.0 22.0 13590.0
6.0 13952.0 2.0 13059.0
887.0 14789.0 1.0 12734.0
550.0 15431.0 0.0 12171.0
32.0 15103.0 1.0 12678.0
436.0 14997.0 20.0 13762.0
119.0 16739.0 21.0 13458.0
699.0 20109.0 12.0 16023.0
881.0 21362.0 4.0 17109.0
199.0 21945.0 21.0 16781.0
90.0 22774.0 20.0 17308.0
442.0 22798.0 12.0 16571.0
491.0 22912.0 6.0 16356.0
602.0 22965.0 25.0 15342.0
175.0 22689.0 23.0 15937.0
644.0 22661.0 4.0 16311.0
36.0 22499.0 27.0 16577.0
956.0 21498.0 28.0 16084.0
97.0 20268.0 8.0 15171.0
350.0 20159.0 22.0 13768.0
246.0 21708.0 12.0 11190.0
568.0 22016.0 12.0 11166.0
858.0 22939.0 21.0 7379.0
377.0 22579.0 12.0 7495.0
448.0 20605.0 11.0 10583.0
518.0 19354.0 8.0 10718.0
962.0 18898.0 20.0 11126.0
625.0 18575.0 13.0 11462.0
473.0 18675.0 7.0 11712.0
541.0 18874.0 21.0 12879.0
128.0 18475.0 25.0 13195.0
598.0 18064.0 16.0 14517.0
437.0 17354.0 12.0 14148.0
271.0 16400.0 21.0 15013.0
599.0 16310.0 22.0 15052.0
327.0 15395.0 7.0 14835.0
244.0 14980.0 5.0 14981.0
674.0 14684.0 4.0 15135.0
504.0 14328.0 10.0 15163.0
444.0 13450.0 11.0 16000.0
24.0 13439.0 28.0 15578.0
212.0 13114.0 18.0 13681.0
694.0 12506.0 13.0 14220.0
918.0 12120.0 26.0 14954.0
60.0 11916.0 29.0 14927.0
411.0 12160.0 7.0 13090.0
482.0 12369.0 10.0 12215.0
485.0 12372.0 22.0 12142.0
230.0 11934.0 2.0 11755.0
357.0 10212.0 19.0 9717.0
529.0 8917.0 0.0 9757.0
177.0 8710.0 16.0 9633.0
606.0 9067.0 10.0 9252.0
179.0 8860.0 2.0 9286.0
771.0 8313.0 7.0 9097.0
457.0 8087.0 29.0 9071.0
716.0 8827.0 20.0 7810.0
28.0 8777.0 14.0 6872.0
819.0 8721.0 6.0 6546.0
460.0 7993.0 26.0 6540.0
422.0 7308.0 1.0 5656.0
896.0 7769.0 25.0 5679.0
947.0 9102.0 13.0 5979.0
381.0 9331.0 1.0 7236.0
662.0 11834.0 10.0 9906.0
371.0 12110.0 23.0 9800.0
671.0 12447.0 14.0 9899.0
937.0 12610.0 19.0 7211.0
418.0 12472.0 24.0 6178.0
147.0 11267.0 1.0 5099.0
601.0 10333.0 20.0 3979.0
391.0 11717.0 24.0 3555.0
242.0 11782.0 13.0 3495.0
498.0 11913.0 6.0 2767.0
213.0 11242.0 22.0 1239.0
110.0 10317.0 29.0 871.0
796.0 8837.0 15.0 1020.0
616.0 8137.0 2.0 292.0
533.0 7490.0 11.0 422.0
745.0 6326.0 11.0 1569.0
583.0 5977.0 8.0 2223.0
394.0 5543.0 11.0 2199.0
544.0 5059.0 18.0 2223.0
853.0 5041.0 16.0 1665.0
940.0 3747.0 3.0 1460.0
431.0 3231.0 27.0 1576.0
561.0 3356.0 27.0 1725.0
447.0 2130.0 9.0 3500.0
939.0 2275.0 12.0 5442.0
106.0 2284.0 23.0 6091.0
959.0 3013.0 25.0 8201.0
388.0 2793.0 21.0 8463.0
10.0 1355.0 10.0 9739.0
287.0 663.0 20.0 9954.0
405.0 178.0 3.0 9884.0
349.0 152.0 25.0 11215.0
279.0 1162.0 27.0 14063.0
108.0 1443.0 1.0 14749.0
720.0 1059.0 23.0 15665.0
728.0 514.0 21.0 15513.0
204.0 495.0 10.0 15239.0
197.0 330.0 1.0 14630.0
255.0 1676.0 18.0 13300.0
301.0 2145.0 19.0 12892.0
566.0 1665.0 25.0 12655.0
226.0 1783.0 18.0 12212.0
758.0 2044.0 15.0 10273.0
300.0 2096.0 18.0 9381.0
443.0 2947.0 5.0 9031.0
183.0 5242.0 25.0 8632.0
74.0 7524.0 25.0 9661.0
750.0 5293.0 17.0 12127.0
944.0 4913.0 17.0 13113.0
885.0 5588.0 13.0 14549.0
149.0 3549.0 25.0 17494.0
834.0 3271.0 20.0 18845.0
132.0 3141.0 6.0 18607.0
936.0 3032.0 5.0 18451.0
668.0 2303.0 9.0 18359.0
654.0 2324.0 11.0 19124.0
866.0 3670.0 26.0 23319.0
795.0 3589.0 12.0 22661.0
623.0 3427.0 14.0 21145.0
651.0 3364.0 10.0 20416.0
889.0 3296.0 18.0 20269.0
93.0 3319.0 7.0 20126.0
854.0 2265.0 5.0 17765.0
690.0 189.0 17.0 16622.0
773.0 107.0 25.0 16488.0
867.0 1665.0 1.0 13624.0
683.0 2757.0 15.0 12796.0
265.0 3503.0 27.0 13114.0
721.0 3642.0 27.0 12588.0
310.0 3595.0 16.0 11704.0
967.0 4408.0 25.0 11833.0
324.0 4452.0 0.0 9330.0
808.0 4032.0 2.0 8394.0
681.0 3660.0 0.0 6763.0
968.0 4909.0 26.0 7235.0
639.0 5365.0 28.0 7173.0
869.0 5486.0 21.0 6924.0
203.0 5600.0 11.0 7310.0
653.0 6101.0 1.0 7575.0
934.0 6505.0 26.0 7179.0
384.0 6868.0 18.0 5411.0
38.0 6273.0 2.0 5804.0
565.0 5908.0 2.0 5575.0
96.0 5526.0 8.0 5091.0
295.0 3949.0 10.0 5704.0
884.0 3436.0 7.0 5238.0
856.0 1070.0 3.0 4415.0
364.0 369.0 21.0 3279.0
938.0 1045.0 29.0 2381.0
354.0 1006.0 23.0 2577.0
54.0 1060.0 0.0 3042.0
37.0 1176.0 21.0 3030.0
309.0 1075.0 25.0 5639.0
378.0 1678.0 3.0 6006.0
456.0 2081.0 4.0 6793.0
983.0 2355.0 11.0 6868.0
900.0 1713.0 28.0 8198.0
961.0 416.0 10.0 8404.0
116.0 700.0 26.0 9221.0
455.0 722.0 23.0 9321.0
765.0 1478.0 24.0 9390.0
430.0 1765.0 4.0 9020.0
303.0 2329.0 13.0 9213.0
417.0 3640.0 22.0 9443.0
362.0 4679.0 29.0 9742.0
372.0 4975.0 2.0 10994.0
252.0 5833.0 23.0 13525.0
655.0 6151.0 7.0 14289.0
916.0 8829.0 29.0 15868.0
513.0 9001.0 14.0 16098.0
562.0 8002.0 15.0 16138.0
343.0 6764.0 28.0 18125.0
742.0 6720.0 20.0 18106.0
180.0 6692.0 28.0 18169.0
772.0 4452.0 4.0 18148.0
570.0 4379.0 12.0 17383.0
891.0 4972.0 6.0 17148.0
13.0 5537.0 16.0 17568.0
412.0 6413.0 18.0 17736.0
667.0 5348.0 10.0 17001.0
385.0 3743.0 27.0 15499.0
649.0 3735.0 20.0 14697.0
299.0 1396.0 16.0 15407.0
982.0 1173.0 15.0 16043.0
873.0 390.0 28.0 16435.0
99.0 1241.0 26.0 16409.0
18.0 2998.0 10.0 16540.0
689.0 3080.0 16.0 16685.0
910.0 3253.0 20.0 16231.0
398.0 3418.0 19.0 15531.0
806.0 2353.0 9.0 16668.0
802.0 1332.0 20.0 17523.0
40.0 1263.0 21.0 17631.0
64.0 924.0 4.0 17178.0
298.0 1337.0 0.0 16874.0
833.0 1934.0 17.0 15096.0
345.0 2684.0 15.0 14203.0
440.0 3577.0 3.0 14402.0
558.0 9207.0 20.0 12307.0
366.0 10050.0 13.0 12074.0
275.0 10876.0 19.0 12570.0
617.0 10991.0 16.0 12732.0
383.0 10279.0 4.0 13170.0
399.0 9483.0 21.0 13590.0
535.0 8470.0 28.0 13367.0
577.0 7775.0 24.0 13288.0
999.0 7190.0 28.0 13240.0
223.0 5666.0 12.0 12433.0
480.0 5693.0 16.0 11729.0
281.0 6511.0 26.0 11963.0
225.0 8797.0 17.0 11610.0
16.0 9186.0 17.0 11986.0
924.0 11446.0 26.0 14486.0
48.0 12030.0 22.0 14615.0
138.0 13904.0 25.0 14606.0
84.0 15002.0 10.0 15139.0
423.0 15037.0 0.0 15287.0
160.0 15081.0 3.0 16490.0
428.0 16414.0 21.0 16720.0
636.0 16081.0 13.0 17713.0
645.0 16613.0 8.0 17689.0
575.0 17090.0 1.0 19056.0
323.0 17508.0 5.0 21062.0
801.0 17798.0 25.0 22273.0
319.0 17884.0 11.0 22332.0
677.0 18335.0 20.0 22536.0
627.0 18703.0 20.0 21798.0
185.0 18877.0 8.0 21215.0
234.0 18730.0 9.0 21295.0
953.0 17512.0 3.0 23522.0
817.0 15163.0 26.0 27127.0
641.0 14915.0 7.0 27555.0
80.0 15684.0 27.0 28976.0
618.0 16737.0 25.0 29077.0
930.0 16398.0 4.0 29742.0
231.0 14840.0 9.0 28561.0
799.0 14229.0 8.0 28609.0
829.0 13804.0 0.0 27971.0
723.0 13618.0 15.0 27958.0
264.0 13172.0 8.0 27733.0
12.0 11941.0 29.0 27016.0
588.0 8902.0 4.0 28713.0
559.0 8770.0 20.0 29464.0
712.0 7889.0 19.0 28494.0
446.0 8861.0 15.0 27586.0
707.0 7381.0 12.0 26596.0
315.0 7450.0 6.0 26486.0
822.0 7986.0 5.0 26271.0
285.0 8483.0 16.0 25940.0
652.0 9151.0 15.0 26459.0
987.0 9237.0 28.0 26560.0
974.0 10701.0 25.0 26452.0
706.0 12424.0 2.0 25154.0
952.0 16343.0 27.0 24038.0
505.0 16703.0 28.0 23824.0
925.0 15209.0 8.0 22456.0
993.0 14170.0 15.0 21749.0
697.0 13163.0 6.0 21127.0
779.0 11852.0 0.0 20722.0
569.0 11933.0 0.0 19546.0
619.0 11303.0 25.0 19717.0
781.0 11064.0 14.0 20263.0
222.0 10289.0 9.0 20255.0
312.0 11241.0 4.0 21708.0
467.0 12156.0 5.0 21610.0
95.0 12569.0 20.0 22820.0
746.0 13989.0 4.0 23761.0
942.0 13404.0 5.0 24870.0
170.0 11781.0 21.0 24420.0
77.0 11335.0 14.0 24148.0
904.0 11409.0 20.0 23567.0
736.0 10560.0 17.0 22777.0
920.0 11166.0 24.0 22798.0
122.0 13773.0 26.0 22426.0
164.0 14724.0 8.0 21595.0
992.0 15029.0 24.0 21284.0
397.0 15927.0 5.0 21706.0
329.0 17176.0 23.0 21822.0
243.0 17586.0 23.0 22327.0
729.0 17749.0 14.0 23387.0
347.0 17870.0 24.0 25160.0
414.0 18298.0 28.0 26473.0
537.0 19190.0 29.0 27683.0
277.0 19448.0 11.0 28159.0
632.0 19707.0 2.0 29345.0
730.0 19699.0 23.0 29489.0
589.0 19638.0 22.0 29677.0
220.0 18831.0 2.0 29220.0
466.0 19982.0 20.0 27084.0
794.0 19881.0 19.0 26875.0
105.0 22918.0 27.0 25567.0
337.0 23633.0 26.0 26551.0
984.0 24816.0 5.0 26384.0
493.0 24507.0 8.0 26093.0
465.0 24033.0 18.0 25829.0
124.0 23215.0 18.0 24864.0
483.0 22617.0 27.0 24606.0
510.0 22210.0 12.0 24257.0
643.0 22784.0 12.0 24108.0
831.0 23476.0 2.0 23850.0
392.0 23884.0 24.0 22812.0
153.0 24127.0 7.0 23920.0
336.0 25220.0 13.0 25204.0
682.0 25777.0 4.0 25935.0
650.0 27078.0 8.0 28666.0
551.0 28467.0 25.0 29680.0
58.0 28590.0 18.0 29960.0
334.0 29526.0 4.0 29645.0
977.0 29625.0 3.0 29294.0
741.0 29548.0 13.0 29090.0
893.0 28976.0 20.0 26003.0
321.0 28356.0 21.0 25719.0
365.0 28209.0 14.0 25861.0
810.0 28547.0 9.0 26049.0
838.0 28250.0 18.0 26593.0
400.0 28966.0 21.0 27014.0
497.0 28809.0 27.0 27404.0
976.0 28280.0 11.0 27718.0
374.0 27673.0 20.0 28316.0
501.0 27117.0 8.0 28315.0
756.0 25887.0 6.0 28027.0
176.0 25448.0 22.0 27942.0
539.0 23101.0 25.0 26736.0
545.0 22264.0 1.0 27366.0
322.0 21547.0 8.0 27234.0
670.0 21658.0 16.0 28530.0
429.0 21343.0 8.0 29204.0
200.0 21237.0 6.0 29847.0
516.0 22230.0 26.0 28886.0
600.0 24096.0 21.0 29226.0
23.0 24229.0 0.0 29728.0
805.0 24697.0 20.0 29914.0
98.0 25112.0 28.0 28678.0
464.0 25132.0 10.0 28646.0
686.0 25002.0 11.0 28220.0
596.0 24183.0 26.0 27272.0
766.0 23051.0 22.0 21631.0
941.0 23060.0 28.0 21605.0
370.0 23471.0 8.0 21958.0
228.0 24935.0 23.0 21973.0
133.0 26433.0 12.0 23908.0
534.0 26715.0 14.0 24315.0
210.0 26701.0 5.0 24509.0
458.0 26869.0 17.0 25050.0
526.0 26693.0 14.0 25290.0
267.0 27701.0 8.0 26311.0
739.0 29746.0 21.0 26942.0
715.0 29843.0 1.0 26909.0
168.0 29922.0 23.0 27508.0
224.0 28867.0 29.0 28415.0
75.0 27792.0 6.0 28597.0
978.0 26474.0 17.0 27930.0
31.0 25737.0 25.0 27799.0
994.0 25976.0 28.0 27692.0
416.0 27099.0 17.0 27391.0
790.0 29695.0 6.0 25627.0
839.0 29474.0 20.0 24344.0
981.0 28708.0 13.0 22520.0
217.0 28436.0 8.0 21872.0
408.0 29330.0 19.0 21635.0
272.0 28958.0 17.0 21472.0
479.0 28521.0 28.0 21229.0
611.0 28661.0 19.0 20835.0
156.0 28381.0 9.0 20017.0
519.0 28612.0 2.0 19466.0
695.0 29283.0 24.0 19672.0
679.0 29072.0 8.0 19120.0
146.0 28578.0 5.0 18666.0
1000.0 28146.0 29.0 18557.0
219.0 28703.0 28.0 18223.0
818.0 29547.0 13.0 18135.0
123.0 28585.0 14.0 16650.0
880.0 27977.0 27.0 16069.0
927.0 28706.0 11.0 16041.0
642.0 28782.0 11.0 15232.0
172.0 28605.0 25.0 15274.0
65.0 26711.0 29.0 15698.0
14.0 26330.0 4.0 16366.0
591.0 26022.0 27.0 18198.0
140.0 26145.0 11.0 18586.0
233.0 26748.0 1.0 18212.0
878.0 27046.0 2.0 18037.0
413.0 27301.0 25.0 20802.0
434.0 26694.0 27.0 21867.0
339.0 26377.0 23.0 21973.0
81.0 26227.0 13.0 21790.0
193.0 25714.0 13.0 19810.0
855.0 25228.0 5.0 18785.0
764.0 25272.0 22.0 18681.0
985.0 26762.0 27.0 18995.0
189.0 27089.0 4.0 19707.0
52.0 27565.0 19.0 20166.0
520.0 29887.0 15.0 21081.0
186.0 29982.0 2.0 24056.0
615.0 29367.0 12.0 25216.0
875.0 29275.0 29.0 25187.0
738.0 27792.0 5.0 25376.0
47.0 27767.0 8.0 25042.0
218.0 26934.0 22.0 24202.0
951.0 25386.0 26.0 24983.0
528.0 25086.0 28.0 24412.0
860.0 25018.0 4.0 23956.0
908.0 25362.0 16.0 23820.0
753.0 26457.0 15.0 23166.0
747.0 26946.0 5.0 22900.0
620.0 27188.0 12.0 22497.0
783.0 27077.0 6.0 22045.0
614.0 25463.0 18.0 22861.0
731.0 25635.0 13.0 22568.0
787.0 25650.0 18.0 22447.0
883.0 24785.0 10.0 20427.0
258.0 22099.0 29.0 19164.0
676.0 21623.0 29.0 17570.0
245.0 21377.0 29.0 17124.0
125.0 20519.0 27.0 14352.0
395.0 19333.0 4.0 13921.0
454.0 19051.0 19.0 14122.0
151.0 19086.0 10.0 14391.0
26.0 19380.0 4.0 14895.0
288.0 19263.0 9.0 15275.0
452.0 18869.0 7.0 15837.0
17.0 18057.0 28.0 15321.0
221.0 16914.0 8.0 15055.0
278.0 17768.0 7.0 14358.0
205.0 18787.0 6.0 14323.0
247.0 18317.0 26.0 12979.0
19.0 17877.0 16.0 12823.0
837.0 17869.0 21.0 11861.0
163.0 17583.0 18.0 11870.0
669.0 17604.0 4.0 11773.0
857.0 17713.0 22.0 11407.0
733.0 17572.0 21.0 11201.0
92.0 17287.0 2.0 9841.0
879.0 16672.0 10.0 9429.0
658.0 15984.0 21.0 6134.0
832.0 15562.0 2.0 5313.0
453.0 15384.0 18.0 4209.0
82.0 13773.0 14.0 3460.0
409.0 13083.0 4.0 4.0
184.0 12676.0 20.0 803.0
580.0 12512.0 17.0 1222.0
593.0 11711.0 0.0 2448.0
932.0 11524.0 9.0 2540.0
923.0 10827.0 6.0 3567.0
308.0 8657.0 0.0 4566.0
87.0 8771.0 12.0 8514.0
579.0 9438.0 26.0 9477.0
786.0 11043.0 2.0 9618.0
865.0 12607.0 17.0 11492.0
202.0 13744.0 26.0 12181.0
475.0 15458.0 4.0 11880.0
261.0 16044.0 19.0 11845.0
396.0 15471.0 16.0 10313.0
935.0 16125.0 12.0 10275.0
876.0 16747.0 11.0 11356.0
986.0 19768.0 16.0 12330.0
307.0 20022.0 26.0 12980.0
393.0 20943.0 3.0 13831.0
88.0 22557.0 20.0 13335.0
563.0 24676.0 10.0 12718.0
892.0 28857.0 28.0 12296.0
478.0 29198.0 0.0 11650.0
933.0 29318.0 26.0 11399.0
724.0 29163.0 10.0 10950.0
8.0 29935.0 11.0 10666.0
115.0 29995.0 1.0 6207.0
68.0 29707.0 19.0 428.0
114.0 28589.0 20.0 652.0
148.0 25677.0 20.0 181.0
127.0 24577.0 14.0 249.0
914.0 23477.0 11.0 878.0
103.0 23219.0 6.0 1329.0
251.0 24068.0 17.0 3401.0
346.0 23917.0 25.0 3678.0
332.0 23962.0 27.0 4598.0
100.0 24413.0 24.0 4842.0
240.0 24000.0 10.0 4932.0
196.0 23140.0 15.0 5927.0
604.0 23744.0 27.0 7545.0
15.0 24364.0 16.0 6810.0
291.0 25034.0 0.0 7550.0
830.0 25467.0 7.0 6422.0
353.0 24833.0 23.0 6017.0
317.0 24541.0 4.0 4890.0
954.0 26308.0 17.0 3091.0
292.0 27477.0 6.0 1985.0
368.0 27837.0 19.0 601.0
841.0 26206.0 12.0 1361.0
872.0 26099.0 25.0 1083.0
121.0 21343.0 3.0 400.0
842.0 19540.0 4.0 524.0
594.0 18817.0 18.0 1278.0
548.0 19800.0 4.0 2525.0
111.0 20144.0 26.0 2478.0
331.0 19480.0 3.0 4505.0
845.0 19883.0 16.0 5026.0
438.0 19930.0 17.0 5030.0
597.0 20043.0 22.0 5674.0
547.0 20634.0 0.0 4702.0
592.0 21020.0 1.0 2826.0
996.0 22557.0 22.0 4947.0
825.0 22787.0 17.0 4909.0
945.0 23694.0 14.0 4672.0
811.0 23883.0 11.0 4737.0
63.0 23616.0 6.0 5055.0
369.0 23325.0 9.0 5249.0
150.0 22824.0 1.0 5283.0
897.0 21567.0 27.0 5590.0
848.0 20981.0 7.0 5955.0
253.0 20529.0 14.0 6959.0
262.0 20826.0 12.0 7637.0
340.0 20510.0 1.0 9027.0
605.0 20212.0 8.0 9065.0
290.0 18238.0 3.0 7579.0
685.0 18044.0 5.0 7150.0
638.0 17424.0 19.0 7515.0
241.0 17223.0 6.0 5953.0
823.0 17167.0 15.0 5459.0
797.0 16975.0 24.0 4917.0
131.0 18639.0 6.0 1126.0
468.0 18951.0 19.0 623.0
751.0 18320.0 22.0 106.0
868.0 16125.0 27.0 4534.0
162.0 15960.0 22.0 4891.0
725.0 15939.0 4.0 5495.0
282.0 16838.0 6.0 8238.0
215.0 17784.0 2.0 9342.0
55.0 19087.0 4.0 10278.0
846.0 22362.0 20.0 13333.0
646.0 23121.0 8.0 12745.0
582.0 23117.0 24.0 12293.0
433.0 24625.0 2.0 12009.0
703.0 25584.0 22.0 11235.0
406.0 26335.0 7.0 11106.0
789.0 26422.0 2.0 10990.0
44.0 27653.0 4.0 11374.0
975.0 27924.0 20.0 11424.0
169.0 28621.0 29.0 11959.0
342.0 28575.0 5.0 11880.0
56.0 28335.0 2.0 10188.0
351.0 28130.0 17.0 9984.0
113.0 26486.0 18.0 9638.0
421.0 26285.0 24.0 9643.0
770.0 27770.0 7.0 6300.0
155.0 28008.0 19.0 6306.0
256.0 28893.0 25.0 9967.0
476.0 28393.0 1.0 12123.0
25.0 28105.0 15.0 12673.0
759.0 27794.0 2.0 13933.0
626.0 27305.0 24.0 14180.0
874.0 26993.0 5.0 14539.0
928.0 26886.0 24.0 13529.0
905.0 25957.0 4.0 11737.0
286.0 25642.0 20.0 10629.0
901.0 23902.0 0.0 10566.0
367.0 24009.0 14.0 10021.0
835.0 23516.0 27.0 9681.0
166.0 23249.0 10.0 8495.0
141.0 22636.0 8.0 8765.0
192.0 22630.0 24.0 8802.0
293.0 22782.0 8.0 10330.0
777.0 23209.0 23.0 10908.0
358.0 25728.0 27.0 12302.0
734.0 28609.0 28.0 13783.0
157.0 29497.0 4.0 14374.0
488.0 29284.0 10.0 14770.0
249.0 29923.0 14.0 15262.0
980.0 29367.0 7.0 15088.0
613.0 26397.0 18.0 15324.0
117.0 25897.0 29.0 14899.0
70.0 25702.0 15.0 14834.0
827.0 25265.0 20.0 14182.0
335.0 25088.0 14.0 13698.0
29.0 24401.0 1.0 13722.0
51.0 24286.0 15.0 12892.0
807.0 25279.0 17.0 12441.0
57.0 29018.0 28.0 9512.0
814.0 29719.0 18.0 9167.0
198.0 29672.0 8.0 7157.0
587.0 29456.0 22.0 6240.0
735.0 29285.0 28.0 4624.0
560.0 29269.0 25.0 3695.0
445.0 29971.0 10.0 3428.0
574.0 29879.0 7.0 1495.0
647.0 29870.0 27.0 1179.0
296.0 29188.0 23.0 2268.0
134.0 28135.0 5.0 2937.0
280.0 28452.0 13.0 5073.0
69.0 28002.0 13.0 5440.0
330.0 27516.0 2.0 5075.0
531.0 27418.0 19.0 4965.0
415.0 27677.0 7.0 5513.0
767.0 27426.0 28.0 5997.0
973.0 26700.0 8.0 5621.0
289.0 27281.0 16.0 4433.0
5.0 27235.0 1.0 3637.0
7.0 26551.0 3.0 3753.0
21.0 26830.0 10.0 3967.0
666.0 26871.0 28.0 4173.0
511.0 26365.0 18.0 4514.0
72.0 26318.0 1.0 4435.0
94.0 25008.0 29.0 4196.0
732.0 23677.0 0.0 3631.0
963.0 21925.0 12.0 3343.0
964.0 22183.0 23.0 2256.0
361.0 23136.0 6.0 1903.0
91.0 24295.0 0.0 1864.0
693.0 24515.0 17.0 1313.0
435.0 25140.0 4.0 643.0
948.0 25041.0 19.0 698.0
804.0 20889.0 28.0 2364.0
328.0 20547.0 4.0 1837.0
542.0 16869.0 10.0 4406.0
816.0 16604.0 5.0 4592.0
812.0 16442.0 23.0 4398.0
49.0 15669.0 28.0 3417.0
451.0 15529.0 28.0 2033.0
284.0 17356.0 15.0 1915.0
120.0 18182.0 0.0 2951.0
820.0 18009.0 5.0 3529.0
595.0 18003.0 9.0 3865.0
472.0 18443.0 3.0 4373.0
512.0 17859.0 11.0 5418.0
126.0 18930.0 7.0 6537.0
640.0 19444.0 4.0 7221.0
809.0 20345.0 3.0 7218.0
603.0 17749.0 0.0 9837.0
871.0 10211.0 4.0 13985.0
778.0 10167.0 12.0 13985.0
610.0 8393.0 3.0 11667.0
50.0 7413.0 23.0 10754.0
269.0 7057.0 24.0 10583.0
989.0 6265.0 0.0 10401.0
673.0 5339.0 1.0 9344.0
469.0 4536.0 4.0 8524.0
862.0 5574.0 19.0 8868.0
543.0 6686.0 10.0 10818.0
107.0 8076.0 0.0 12798.0
788.0 7638.0 27.0 14646.0
793.0 6325.0 4.0 16449.0
898.0 6528.0 27.0 16851.0
851.0 6136.0 24.0 16798.0
139.0 5130.0 5.0 18521.0
27.0 5915.0 24.0 19985.0
419.0 7091.0 12.0 19505.0
970.0 7964.0 26.0 20761.0
698.0 9082.0 8.0 20995.0
506.0 8114.0 17.0 21775.0
229.0 7493.0 22.0 21774.0
333.0 7430.0 23.0 22871.0
607.0 7915.0 3.0 23240.0
492.0 7975.0 4.0 23888.0
257.0 7943.0 11.0 23981.0
888.0 6029.0 16.0 24103.0
714.0 5562.0 12.0 23881.0
259.0 4179.0 27.0 25328.0
86.0 2889.0 15.0 26055.0
709.0 2848.0 7.0 26399.0
517.0 1996.0 5.0 28499.0
969.0 3191.0 24.0 28167.0
208.0 4062.0 29.0 28386.0
988.0 4869.0 4.0 27673.0
235.0 6030.0 1.0 26452.0
527.0 6333.0 3.0 26660.0
657.0 6494.0 4.0 26856.0
692.0 6572.0 21.0 26880.0
404.0 6509.0 25.0 27084.0
581.0 6682.0 20.0 28745.0
554.0 6615.0 9.0 28927.0
137.0 6713.0 17.0 28956.0
894.0 6881.0 7.0 28955.0
909.0 6725.0 22.0 29664.0
35.0 5730.0 25.0 29923.0
104.0 4046.0 27.0 29958.0
847.0 1420.0 22.0 29538.0
250.0 1418.0 5.0 28429.0
129.0 1067.0 12.0 28077.0
118.0 1906.0 26.0 27260.0
387.0 1735.0 22.0 27078.0
990.0 1794.0 10.0 26802.0
53.0 1456.0 4.0 25989.0
83.0 1291.0 5.0 25477.0
877.0 1966.0 2.0 25347.0
722.0 2195.0 18.0 25715.0
586.0 2388.0 0.0 25805.0
152.0 1880.0 14.0 25951.0
344.0 3449.0 15.0 29484.0
355.0 4492.0 14.0 29109.0
101.0 4539.0 0.0 28934.0
540.0 5501.0 6.0 29121.0
684.0 5766.0 3.0 28923.0
424.0 6547.0 19.0 26485.0
573.0 7196.0 24.0 25244.0
441.0 3768.0 14.0 23584.0
538.0 2784.0 19.0 24461.0
903.0 2769.0 13.0 25072.0
144.0 3199.0 21.0 25137.0
584.0 4764.0 24.0 25877.0
266.0 5338.0 4.0 25583.0
386.0 5686.0 0.0 25610.0
902.0 6225.0 19.0 22774.0
145.0 6704.0 9.0 22181.0
79.0 6004.0 1.0 21386.0
318.0 5745.0 1.0 21983.0
624.0 5220.0 7.0 22430.0
859.0 4634.0 11.0 22929.0
227.0 3211.0 7.0 21434.0
167.0 2707.0 3.0 21018.0
34.0 2946.0 24.0 20611.0
635.0 5652.0 18.0 21008.0
486.0 6794.0 2.0 20646.0
660.0 8513.0 22.0 22431.0
727.0 8925.0 16.0 22158.0
972.0 9173.0 4.0 22858.0
717.0 11827.0 14.0 27950.0
270.0 12644.0 8.0 28652.0
311.0 13950.0 22.0 29759.0
71.0 15007.0 27.0 29832.0
499.0 16098.0 4.0 29171.0
780.0 18330.0 9.0 28028.0
389.0 19204.0 7.0 28254.0
946.0 21134.0 12.0 28735.0
507.0 20700.0 22.0 27210.0
886.0 21006.0 6.0 26438.0
672.0 22128.0 21.0 25537.0
187.0 21468.0 6.0 24942.0
67.0 21128.0 19.0 24723.0
109.0 22266.0 18.0 23461.0
782.0 22510.0 27.0 23461.0
459.0 21453.0 28.0 18813.0
173.0 19682.0 0.0 19179.0
165.0 20598.0 24.0 22187.0
828.0 20530.0 7.0 22659.0
630.0 21289.0 29.0 22995.0
555.0 21403.0 23.0 21945.0
998.0 20273.0 0.0 20745.0
622.0 19725.0 15.0 20609.0
549.0 18964.0 20.0 21689.0
737.0 19634.0 2.0 21933.0
755.0 20091.0 0.0 22039.0
352.0 20034.0 29.0 23288.0
425.0 18671.0 0.0 23067.0
821.0 19204.0 0.0 23532.0
702.0 19946.0 10.0 24194.0
73.0 20252.0 15.0 24429.0
769.0 19152.0 16.0 24234.0
260.0 19198.0 29.0 24546.0
207.0 18741.0 21.0 25260.0
61.0 18625.0 21.0 25673.0
661.0 20598.0 12.0 25556.0
401.0 20134.0 10.0 25960.0
609.0 19786.0 20.0 26752.0
926.0 17785.0 17.0 26157.0
521.0 16715.0 3.0 26735.0
705.0 16713.0 23.0 27362.0
792.0 17204.0 9.0 28086.0
500.0 17601.0 22.0 28986.0
971.0 17437.0 2.0 29054.0
248.0 17375.0 25.0 28744.0
420.0 16621.0 6.0 28412.0
33.0 14134.0 22.0 27319.0
182.0 13054.0 27.0 26145.0
304.0 13748.0 1.0 24981.0
960.0 14296.0 26.0 25628.0
39.0 14135.0 18.0 26032.0
824.0 13438.0 26.0 26454.0
743.0 13280.0 21.0 26365.0
979.0 12247.0 28.0 26977.0
325.0 10643.0 20.0 26301.0
546.0 10079.0 23.0 26097.0
843.0 9484.0 27.0 25764.0
509.0 7629.0 7.0 25578.0
201.0 9185.0 26.0 25256.0
373.0 9758.0 29.0 25246.0
314.0 10699.0 15.0 24675.0
791.0 11022.0 24.0 24301.0
688.0 10678.0 9.0 23595.0
320.0 9869.0 10.0 21771.0
567.0 9756.0 20.0 21147.0
664.0 9061.0 10.0 20880.0
522.0 8901.0 22.0 19120.0
474.0 8994.0 23.0 19082.0
194.0 8587.0 20.0 18367.0
276.0 8400.0 21.0 17478.0
965.0 9114.0 3.0 16822.0
42.0 10883.0 17.0 17360.0
135.0 10997.0 28.0 16862.0
911.0 11584.0 9.0 15941.0
43.0 11120.0 20.0 15209.0
637.0 10929.0 13.0 14972.0
