305
42
135
663
911
726
744
444
24
918
60
43
637
924
48
694
212
439
508
112
865
230
485
482
411
617
275
383
871
778
399
366
558
16
610
225
503
524
957
950
529
177
179
606
579
357
786
662
371
671
752
202
209
396
935
261
876
733
857
837
669
163
119
437
19
247
128
541
205
151
454
395
97
955
699
463
956
199
90
442
36
644
491
175
602
704
881
245
676
380
459
258
173
142
803
452
701
288
26
125
612
393
350
307
986
473
625
962
603
215
92
879
461
958
484
711
850
784
211
937
341
710
913
490
22
826
768
700
494
348
774
78
282
638
290
685
126
640
597
845
438
331
547
196
377
858
604
15
353
830
973
531
330
280
69
415
767
770
155
198
115
587
735
560
445
296
574
647
68
114
292
954
7
72
511
21
666
289
5
134
368
148
872
841
435
948
127
693
914
103
964
361
91
251
732
346
94
317
100
240
332
811
945
63
369
150
825
996
963
897
848
253
809
262
605
55
518
991
448
631
907
340
192
141
166
291
450
449
113
421
906
487
286
703
905
406
789
44
975
351
56
256
57
814
8
724
933
478
892
169
342
476
25
928
874
626
759
734
157
488
980
249
642
172
927
123
880
14
613
117
70
827
335
576
51
563
807
358
433
901
367
835
293
777
568
246
582
646
88
846
338
29
159
882
188
263
922
65
818
219
146
1000
878
233
591
140
985
189
413
52
156
519
679
695
611
520
408
272
479
217
981
620
783
434
339
81
193
855
764
840
785
564
254
181
363
883
228
787
731
614
908
528
860
392
941
766
370
555
630
109
782
643
510
483
672
105
124
831
153
465
493
984
336
951
682
416
267
365
321
738
47
458
526
133
753
747
218
534
210
839
186
875
615
790
893
810
838
497
400
739
715
168
741
977
334
58
551
224
976
374
75
650
501
978
994
31
756
176
600
23
805
98
464
686
596
337
539
545
322
516
670
946
429
200
589
730
632
220
500
971
248
780
389
277
537
466
794
609
507
886
401
661
187
67
73
702
769
260
207
61
414
926
347
521
705
792
420
618
930
499
80
71
231
799
311
532
675
931
572
621
270
264
723
829
33
641
817
39
824
743
182
191
754
314
791
77
170
706
294
942
304
960
648
89
746
495
952
505
953
729
243
801
319
677
425
821
352
828
165
755
737
998
622
185
234
549
627
329
323
471
815
30
575
966
949
645
428
302
237
17
598
278
221
271
599
327
244
84
423
674
504
138
6
887
32
550
475
629
436
160
313
306
636
216
496
41
274
297
691
102
502
697
993
164
992
46
397
718
925
863
171
904
688
736
920
312
571
95
122
161
467
779
748
569
696
619
781
222
567
664
698
320
972
727
660
506
229
970
486
79
635
27
836
359
93
889
651
34
167
623
227
379
795
866
441
859
624
318
902
145
333
607
492
257
285
822
315
707
573
509
201
373
843
652
987
446
760
659
943
899
634
546
325
974
12
979
717
757
608
585
130
62
477
427
633
559
588
712
894
137
581
554
909
35
540
684
776
259
714
888
584
763
266
386
235
708
424
527
657
692
404
988
969
208
101
355
104
344
847
517
250
129
118
387
990
709
86
144
538
903
586
722
152
877
83
53
283
590
85
849
895
403
481
239
515
800
915
678
232
206
656
174
40
802
64
298
854
668
654
834
132
936
149
689
18
910
398
385
649
440
345
683
265
721
310
967
372
989
543
269
50
74
457
771
813
87
2
716
381
995
687
28
819
947
460
896
422
384
38
565
852
96
316
861
680
360
308
154
719
536
553
195
462
601
923
3
713
932
593
498
242
391
432
9
82
268
158
775
356
410
147
20
418
525
749
453
49
390
45
929
864
214
832
658
725
162
868
812
816
542
797
823
241
512
472
595
820
120
548
111
592
804
328
121
842
468
751
131
594
284
451
628
530
143
238
798
552
184
409
870
580
213
110
796
616
533
59
178
762
853
544
394
583
745
273
514
844
190
556
11
66
997
884
470
912
407
489
375
236
447
740
557
382
761
665
431
561
4
940
76
376
917
921
426
890
578
938
354
37
54
364
856
309
378
939
106
456
983
681
295
968
639
869
203
523
934
653
469
183
862
673
362
324
417
443
808
959
388
900
303
300
758
10
765
430
961
116
455
287
405
349
226
566
301
255
867
279
108
833
299
720
982
99
873
690
773
728
204
197
806
885
655
252
944
223
750
480
281
999
577
107
535
788
562
916
513
402
1
965
276
898
793
851
136
139
772
570
891
667
13
412
343
742
180
419
919
194
522
474
326
