NAME : shasha.696130.tour
COMMENT : Length = 696130
COMMENT : Found by LKH [Keld Helsgaun] Sun Sep 27 18:56:17 2015
TYPE : TOUR
DIMENSION : 1000
TOUR_SECTION
1
402
513
916
562
788
655
885
252
944
223
750
480
281
999
577
107
535
399
778
871
383
617
275
366
558
16
610
225
503
524
957
950
529
177
179
606
579
357
786
662
371
671
752
865
230
485
482
112
508
202
209
629
550
475
261
876
733
857
669
163
837
473
625
962
518
55
215
603
92
879
935
396
461
958
850
711
484
494
700
768
826
22
211
784
341
710
913
490
937
20
418
525
356
214
864
929
749
45
390
453
49
451
628
870
409
184
580
552
798
238
143
530
9
82
268
158
775
410
147
601
923
391
242
432
498
593
932
3
713
213
110
796
616
533
59
178
762
853
544
394
583
745
273
514
556
190
844
536
553
195
462
154
719
680
360
308
896
422
384
38
565
861
316
96
66
11
997
852
295
884
470
912
407
489
375
236
447
740
557
382
761
665
431
561
4
940
76
376
917
921
426
890
578
938
354
37
54
364
856
309
378
939
106
456
983
681
968
639
869
203
653
934
523
460
947
819
28
687
995
381
716
2
87
813
771
457
74
50
269
543
989
673
862
183
469
808
959
388
900
961
116
455
287
405
349
758
10
765
430
300
303
443
417
324
362
372
967
310
721
265
683
301
226
566
255
867
279
197
204
728
873
773
690
64
40
802
298
99
982
720
299
108
833
345
440
649
385
398
910
18
689
806
854
668
936
132
834
654
656
206
174
232
678
915
800
515
239
481
403
895
849
85
590
283
129
250
847
517
118
387
990
152
53
83
877
722
586
709
86
144
903
538
441
866
795
379
227
623
167
34
651
889
93
359
836
27
136
139
772
149
570
891
667
13
851
793
898
412
180
742
343
919
419
486
635
79
318
624
859
714
888
902
145
333
607
492
257
573
509
285
822
315
707
404
692
657
527
424
708
235
386
266
763
584
259
776
988
208
969
344
104
355
101
540
684
35
909
137
554
581
894
712
588
559
633
427
659
760
446
987
652
843
201
373
546
325
974
634
943
899
757
608
585
477
62
130
717
12
979
191
754
706
170
77
791
314
688
904
171
920
736
972
727
660
506
229
970
664
698
320
567
222
781
619
696
569
748
496
41
274
297
691
102
502
697
161
467
779
312
571
95
122
993
164
992
718
397
925
863
495
89
648
746
294
942
304
960
39
182
743
824
33
817
641
231
799
829
723
264
270
621
572
931
675
532
311
71
80
499
930
618
971
500
248
420
792
705
521
926
414
61
207
347
952
505
953
729
425
677
319
801
243
329
323
471
46
815
30
575
966
173
142
803
699
955
97
463
956
199
881
245
676
380
459
258
181
363
883
193
855
764
785
564
254
90
36
442
491
644
175
602
704
338
882
188
159
29
576
335
827
70
117
263
922
613
65
14
840
591
140
233
878
985
189
52
413
81
339
434
783
620
747
753
133
218
534
210
458
526
682
336
951
528
860
908
614
731
787
228
941
766
370
392
153
831
124
483
510
643
782
109
630
555
998
622
185
234
627
549
737
755
165
828
352
821
769
260
702
73
67
187
672
105
465
493
984
596
337
539
545
322
507
886
661
401
609
794
466
537
277
389
780
220
632
730
589
200
429
946
670
516
600
23
805
98
464
686
176
31
756
994
978
416
501
650
374
75
551
58
334
977
741
224
976
497
168
715
739
400
838
267
738
47
321
365
810
893
790
615
875
839
186
981
217
479
272
408
520
611
156
519
695
679
146
1000
219
818
123
880
927
172
642
980
249
488
157
734
759
626
874
928
25
476
342
169
892
478
933
8
724
975
44
351
56
256
57
814
198
115
587
155
770
767
973
511
72
666
289
531
330
415
69
280
735
560
445
296
574
647
68
114
368
292
134
5
21
7
954
841
872
148
435
948
127
693
91
914
103
361
964
963
732
346
251
94
317
100
240
811
332
945
63
369
196
150
825
996
897
848
597
547
438
845
331
548
111
592
804
328
121
842
468
751
131
594
284
120
820
595
472
512
241
823
797
542
816
812
868
162
832
725
658
348
774
78
282
638
290
685
126
640
809
253
262
340
605
991
448
631
907
246
568
293
777
901
367
835
192
141
166
377
858
604
15
353
830
291
450
449
113
421
906
487
286
703
789
406
905
358
807
433
563
51
582
646
88
846
612
393
125
350
307
986
541
128
247
19
119
437
278
598
205
454
395
151
26
288
701
452
302
237
17
221
271
599
428
645
949
636
306
216
313
160
744
444
24
138
504
674
423
84
244
327
436
32
887
6
439
212
411
694
48
918
60
924
637
43
911
663
726
135
42
305
326
474
522
194
276
965
-1
EOF
