1
965
513
916
562
788
535
107
577
999
281
223
750
480
372
989
543
269
50
957
503
16
558
399
778
871
383
275
617
366
524
225
610
74
457
771
813
87
606
179
177
529
950
579
357
786
662
371
671
752
784
850
711
484
958
461
209
629
396
935
879
92
603
215
282
774
78
494
700
768
348
638
685
290
733
857
163
669
837
625
473
962
55
518
991
448
631
907
340
605
262
809
253
640
126
597
848
897
547
438
845
331
472
120
820
595
512
823
241
658
725
832
816
797
542
812
868
162
453
390
45
749
929
864
214
356
410
775
158
268
82
9
49
451
628
530
143
238
798
870
409
184
580
552
432
498
593
932
213
110
713
3
601
923
242
391
147
20
418
525
826
22
211
937
341
490
913
710
716
2
381
995
687
28
819
947
460
934
653
203
869
639
968
183
862
673
362
324
469
808
417
443
388
959
983
456
106
939
378
309
856
447
37
54
364
354
938
578
890
426
921
917
376
665
761
382
4
561
431
940
76
178
59
533
616
796
583
544
853
762
394
745
273
514
556
190
844
536
553
462
195
154
308
719
680
360
896
422
384
523
38
565
861
316
96
66
11
997
852
295
884
470
912
407
557
740
236
375
489
681
900
961
116
455
405
349
287
10
765
430
303
300
758
310
967
721
944
252
655
885
793
898
851
667
891
13
180
343
742
412
276
194
919
419
970
664
698
567
320
333
888
714
538
441
866
795
859
624
318
902
145
79
635
486
27
136
139
772
570
149
689
18
910
398
385
649
440
345
265
683
301
566
226
255
867
279
197
204
728
108
833
299
720
982
99
873
690
773
64
40
802
298
806
854
668
654
936
132
834
836
359
93
889
651
34
623
227
167
174
656
206
232
678
915
379
800
515
239
481
403
895
83
53
849
85
590
283
990
387
118
129
250
847
517
969
344
104
355
101
208
988
776
709
86
586
722
152
877
903
144
259
584
763
266
386
235
708
424
527
657
692
404
707
573
509
285
822
315
581
554
35
540
684
909
137
894
712
588
559
633
427
659
760
943
899
757
608
717
130
585
477
62
621
572
931
675
532
311
71
80
499
930
618
420
792
500
971
248
780
389
277
537
609
794
466
507
401
661
886
322
545
516
670
946
429
200
589
730
632
220
926
347
207
260
769
702
73
352
821
425
729
953
677
319
801
243
329
323
471
815
30
575
966
173
142
956
463
704
846
88
646
582
246
568
293
777
901
367
835
192
141
166
377
858
604
15
291
906
421
113
449
450
289
531
330
415
69
280
735
560
445
296
574
647
68
114
368
872
841
292
134
5
954
7
21
666
511
72
94
317
100
240
811
332
945
732
346
251
91
127
148
435
948
693
914
103
361
964
328
121
842
468
751
131
594
284
548
111
804
592
963
996
825
150
196
369
63
353
830
973
767
770
155
587
115
198
814
57
351
56
256
8
724
933
478
892
169
342
476
25
975
44
789
406
905
358
807
703
286
487
433
563
51
29
576
335
827
188
159
338
882
602
175
644
491
442
36
90
199
881
245
676
380
459
258
181
363
883
193
855
764
254
564
785
840
922
263
70
117
613
14
65
874
626
928
759
734
157
488
980
249
642
172
880
927
123
818
679
695
519
146
219
1000
878
233
591
140
985
189
413
52
156
520
408
272
479
611
217
981
747
620
783
434
81
339
458
526
47
738
365
321
810
875
615
839
186
790
893
400
715
739
168
497
551
58
334
977
741
224
374
501
650
75
976
838
267
416
978
994
31
756
176
600
23
805
98
464
686
596
539
337
465
493
984
682
336
951
210
534
218
133
753
614
731
787
228
370
766
941
998
622
185
234
627
549
737
755
828
165
555
630
109
782
392
908
860
528
153
831
643
510
483
124
105
672
187
67
61
414
705
521
952
505
925
863
495
89
648
746
294
942
304
960
39
817
641
231
799
270
12
979
264
723
829
33
824
743
182
706
373
201
843
314
791
77
170
191
754
325
974
634
546
652
987
446
257
492
607
229
506
727
660
972
736
312
920
688
904
171
571
95
122
993
102
164
992
718
397
46
691
297
274
41
496
748
779
467
161
697
502
42
305
326
474
522
222
781
619
569
696
726
24
444
744
160
313
306
216
636
949
645
428
302
237
452
701
803
699
955
288
26
151
205
454
395
350
97
125
612
393
307
986
541
128
247
19
278
598
17
221
599
271
437
119
876
261
475
550
32
887
436
327
244
84
423
674
504
138
212
439
6
508
202
112
485
865
230
482
411
694
48
60
918
924
637
43
911
663
135
402
