Hospital:1|45,32,3|1,2,3
Hospital:2|59,68,5|4,5,6,7,8
Hospital:3|37,52,6|9,10,11,12,13,14
Hospital:4|36,50,3|15,16,17
Hospital:5|39,5,5|18,19,20,21,22

Ambulance:1|45,32|47,58,41,85;20,62,50,112|45,32
Ambulance:2|45,32|11,56,26,80;6,64,30,74|45,32
Ambulance:3|45,32|5,84,26,95|45,32
Ambulance:4|59,68|44,82,55,74|59,68
Ambulance:5|59,68|25,82,67,56|59,68
Ambulance:6|59,68|19,64,75,47;33,69,72,37|59,68
Ambulance:7|59,68|10,58,95,108|59,68
Ambulance:8|59,68|8,68,57,52|59,68
Ambulance:9|37,52|45,36,57,55;28,35,57,39|37,52
Ambulance:10|37,52|43,30,50,73;42,29,42,67|37,52
Ambulance:11|37,52|39,38,41,69|37,52
Ambulance:12|37,52|34,24,65,56|37,52
Ambulance:13|37,52|9,39,77,58|37,52
Ambulance:14|37,52|46,25,53,34|37,52
Ambulance:15:|36,50|3,17,20,102|36,50
Ambulance:18:|39,5|18,18,1,71;4,15,7,78|39,5
Ambulance:19:|39,5|24,58,15,87|39,5
Ambulance:20:|39,5|40,74,11,96|39,5
Ambulance:21:|39,5|31,86,9,116|39,5

